Linux 4.15.0-45-generic (bedlam) 	02/14/2019 	_x86_64_	(12 CPU)

08:01:32 PM  CPU    %usr   %nice    %sys %iowait    %irq   %soft  %steal  %guest  %gnice   %idle
08:01:47 PM  all    1.55    0.00    0.53    1.64    0.00    0.02    0.00    0.00    0.00   96.25
08:01:47 PM    0    2.81    0.00    0.33    0.00    0.00    0.13    0.00    0.00    0.00   96.73
08:01:47 PM    1    2.67    0.00    0.87    0.00    0.00    0.07    0.00    0.00    0.00   96.40
08:01:47 PM    2    2.63    0.00    0.54    0.00    0.00    0.07    0.00    0.00    0.00   96.76
08:01:47 PM    3    0.80    0.00    0.47    2.54    0.00    0.00    0.00    0.00    0.00   96.18
08:01:47 PM    4    0.34    0.00    0.20    0.00    0.00    0.00    0.00    0.00    0.00   99.46
08:01:47 PM    5    0.67    0.00    0.54    0.00    0.00    0.00    0.00    0.00    0.00   98.79
08:01:47 PM    6    0.87    0.00    0.47    0.00    0.00    0.00    0.00    0.00    0.00   98.66
08:01:47 PM    7    0.60    0.00    0.80    0.00    0.00    0.00    0.00    0.00    0.00   98.60
08:01:47 PM    8    1.14    0.00    0.94   14.05    0.00    0.07    0.00    0.00    0.00   83.81
08:01:47 PM    9    2.14    0.00    0.27    3.07    0.00    0.00    0.00    0.00    0.00   94.52
08:01:47 PM   10    2.80    0.00    0.47    0.00    0.00    0.00    0.00    0.00    0.00   96.73
08:01:47 PM   11    1.08    0.00    0.54    0.00    0.00    0.07    0.00    0.00    0.00   98.31

08:01:47 PM  CPU    %usr   %nice    %sys %iowait    %irq   %soft  %steal  %guest  %gnice   %idle
08:02:02 PM  all    6.47    0.00    1.52    3.19    0.00    0.14    0.00    0.00    0.00   88.68
08:02:02 PM    0    0.66    0.00    0.92    0.00    0.00    1.12    0.00    0.00    0.00   97.30
08:02:02 PM    1    1.60    0.00    0.07    1.53    0.00    0.13    0.00    0.00    0.00   96.67
08:02:02 PM    2    0.54    0.00    0.14    0.00    0.00    0.00    0.00    0.00    0.00   99.32
08:02:02 PM    3    0.33    0.00    0.13    0.00    0.00    0.00    0.00    0.00    0.00   99.53
08:02:02 PM    4    0.27    0.00    0.20    0.00    0.00    0.00    0.00    0.00    0.00   99.53
08:02:02 PM    5    3.28    0.00    0.60    0.00    0.00    0.00    0.00    0.00    0.00   96.12
08:02:02 PM    6    0.13    0.00    0.20    0.33    0.00    0.00    0.00    0.00    0.00   99.33
08:02:02 PM    7    0.33    0.00    0.53    0.00    0.00    0.00    0.00    0.00    0.00   99.13
08:02:02 PM    8   50.13    0.00    9.25    8.12    0.00    0.33    0.00    0.00    0.00   32.16
08:02:02 PM    9    0.87    0.00    0.20    7.89    0.00    0.00    0.00    0.00    0.00   91.04
08:02:02 PM   10    0.40    0.00    0.33   15.63    0.00    0.00    0.00    0.00    0.00   83.63
08:02:02 PM   11   19.07    0.00    5.53    4.73    0.00    0.00    0.00    0.00    0.00   70.67

08:02:02 PM  CPU    %usr   %nice    %sys %iowait    %irq   %soft  %steal  %guest  %gnice   %idle
08:02:17 PM  all    6.61    0.00    1.66    3.58    0.00    0.08    0.00    0.00    0.00   88.07
08:02:17 PM    0    0.60    0.00    0.13    0.00    0.00    0.20    0.00    0.00    0.00   99.07
08:02:17 PM    1    1.07    0.00    0.07    0.00    0.00    0.00    0.00    0.00    0.00   98.87
08:02:17 PM    2    0.73    0.00    0.13    0.00    0.00    0.00    0.00    0.00    0.00   99.13
08:02:17 PM    3    0.80    0.00    0.20    0.00    0.00    0.00    0.00    0.00    0.00   99.00
08:02:17 PM    4    0.53    0.00    0.20    0.00    0.00    0.00    0.00    0.00    0.00   99.26
08:02:17 PM    5    0.67    0.00    0.00    0.00    0.00    0.00    0.00    0.00    0.00   99.33
08:02:17 PM    6    0.60    0.00    0.13    0.00    0.00    0.00    0.00    0.00    0.00   99.27
08:02:17 PM    7    0.73    0.00    0.73    0.00    0.00    0.00    0.00    0.00    0.00   98.53
08:02:17 PM    8   67.76    0.00   13.44   14.72    0.00    0.74    0.00    0.00    0.00    3.34
08:02:17 PM    9    4.74    0.00    1.60   18.76    0.00    0.00    0.00    0.00    0.00   74.90
08:02:17 PM   10    0.60    0.00    0.27    4.82    0.00    0.00    0.00    0.00    0.00   94.31
08:02:17 PM   11    0.60    0.00    2.94    4.68    0.00    0.00    0.00    0.00    0.00   91.78

08:02:17 PM  CPU    %usr   %nice    %sys %iowait    %irq   %soft  %steal  %guest  %gnice   %idle
08:02:32 PM  all    6.28    0.00    1.95    4.82    0.00    0.09    0.00    0.00    0.00   86.86
08:02:32 PM    0    0.40    0.00    0.67    0.00    0.00    0.33    0.00    0.00    0.00   98.60
08:02:32 PM    1    0.54    0.00    0.54    0.00    0.00    0.07    0.00    0.00    0.00   98.86
08:02:32 PM    2    7.47    0.00    2.00    0.20    0.00    0.00    0.00    0.00    0.00   90.33
08:02:32 PM    3    1.40    0.00    1.00    0.07    0.00    0.00    0.00    0.00    0.00   97.54
08:02:32 PM    4    1.27    0.00    0.47    0.00    0.00    0.00    0.00    0.00    0.00   98.27
08:02:32 PM    5    0.67    0.00    0.20    2.08    0.00    0.00    0.00    0.00    0.00   97.05
08:02:32 PM    6    0.33    0.00    0.33    1.07    0.00    0.00    0.00    0.00    0.00   98.26
08:02:32 PM    7    0.33    0.00    0.33    0.00    0.00    0.00    0.00    0.00    0.00   99.33
08:02:32 PM    8   62.11    0.00   13.68   12.81    0.00    0.74    0.00    0.00    0.00   10.66
08:02:32 PM    9    0.60    0.00    0.40    2.47    0.00    0.00    0.00    0.00    0.00   96.52
08:02:32 PM   10    0.13    0.00    0.67   27.02    0.00    0.00    0.00    0.00    0.00   72.17
08:02:32 PM   11    0.13    0.00    3.20   12.28    0.00    0.00    0.00    0.00    0.00   84.38

08:02:32 PM  CPU    %usr   %nice    %sys %iowait    %irq   %soft  %steal  %guest  %gnice   %idle
08:02:47 PM  all    7.23    0.00    1.95    7.66    0.00    0.20    0.00    0.00    0.00   82.96
08:02:47 PM    0    3.11    0.00    1.52    0.46    0.00    0.79    0.00    0.00    0.00   94.11
08:02:47 PM    1    1.59    0.00    1.19    0.00    0.00    0.86    0.00    0.00    0.00   96.37
08:02:47 PM    2    0.13    0.00    0.07    0.00    0.00    0.00    0.00    0.00    0.00   99.80
08:02:47 PM    3    0.20    0.00    0.94    5.08    0.00    0.00    0.00    0.00    0.00   93.79
08:02:47 PM    4    1.47    0.00    0.53    1.07    0.00    0.00    0.00    0.00    0.00   96.93
08:02:47 PM    5    1.33    0.00    0.33    1.60    0.00    0.00    0.00    0.00    0.00   96.73
08:02:47 PM    6    0.60    0.00    0.27    0.93    0.00    0.00    0.00    0.00    0.00   98.20
08:02:47 PM    7    0.33    0.00    0.27    0.00    0.00    0.00    0.00    0.00    0.00   99.40
08:02:47 PM    8   76.82    0.00   14.36    6.95    0.00    0.60    0.00    0.00    0.00    1.27
08:02:47 PM    9    0.40    0.00    0.80   17.06    0.00    0.00    0.00    0.00    0.00   81.74
08:02:47 PM   10    0.67    0.00    0.73   49.30    0.00    0.00    0.00    0.00    0.00   49.30
08:02:47 PM   11    0.33    0.00    2.54    9.83    0.00    0.07    0.00    0.00    0.00   87.22

08:02:47 PM  CPU    %usr   %nice    %sys %iowait    %irq   %soft  %steal  %guest  %gnice   %idle
08:03:02 PM  all    5.62    0.00    1.93   10.34    0.00    0.06    0.00    0.00    0.00   82.04
08:03:02 PM    0    0.40    0.00    0.20    1.60    0.00    0.33    0.00    0.00    0.00   97.47
08:03:02 PM    1    2.80    0.00    1.53    0.93    0.00    0.00    0.00    0.00    0.00   94.73
08:03:02 PM    2    1.20    0.00    1.00    2.53    0.00    0.00    0.00    0.00    0.00   95.27
08:03:02 PM    3    2.25    0.00    0.60    0.13    0.00    0.00    0.00    0.00    0.00   97.02
08:03:02 PM    4    3.27    0.00    1.27    0.53    0.00    0.00    0.00    0.00    0.00   94.92
08:03:02 PM    5    2.88    0.00    1.31    3.40    0.00    0.00    0.00    0.00    0.00   92.42
08:03:02 PM    6    0.93    0.00    1.27    1.93    0.00    0.00    0.00    0.00    0.00   95.86
08:03:02 PM    7    0.53    0.00    1.06    4.32    0.00    0.00    0.00    0.00    0.00   94.09
08:03:02 PM    8   50.47    0.00    9.93   37.92    0.00    0.47    0.00    0.00    0.00    1.21
08:03:02 PM    9    1.46    0.00    1.19    9.75    0.00    0.00    0.00    0.00    0.00   87.59
08:03:02 PM   10    1.00    0.00    1.20   28.19    0.00    0.00    0.00    0.00    0.00   69.61
08:03:02 PM   11    0.67    0.00    2.74   33.09    0.00    0.00    0.00    0.00    0.00   63.50

08:03:02 PM  CPU    %usr   %nice    %sys %iowait    %irq   %soft  %steal  %guest  %gnice   %idle
08:03:17 PM  all    5.17    0.00    1.64    6.99    0.00    0.08    0.00    0.00    0.00   86.11
08:03:17 PM    0    0.47    0.00    1.07    4.34    0.00    0.00    0.00    0.00    0.00   94.12
08:03:17 PM    1    0.53    0.00    1.00    1.93    0.00    0.40    0.00    0.00    0.00   96.14
08:03:17 PM    2    0.53    0.00    0.73    1.80    0.00    0.00    0.00    0.00    0.00   96.93
08:03:17 PM    3    0.40    0.00    0.33    0.40    0.00    0.00    0.00    0.00    0.00   98.87
08:03:17 PM    4   15.04    0.00    2.87    3.54    0.00    0.00    0.00    0.00    0.00   78.54
08:03:17 PM    5    0.67    0.00    0.00    0.00    0.00    0.00    0.00    0.00    0.00   99.33
08:03:17 PM    6    0.80    0.00    0.60    0.00    0.00    0.00    0.00    0.00    0.00   98.60
08:03:17 PM    7    0.27    0.00    0.07    0.00    0.00    0.00    0.00    0.00    0.00   99.66
08:03:17 PM    8   42.74    0.00   10.22   32.19    0.00    0.54    0.00    0.00    0.00   14.31
08:03:17 PM    9    0.13    0.00    0.94   31.55    0.00    0.00    0.00    0.00    0.00   67.38
08:03:17 PM   10    0.27    0.00    0.94    0.40    0.00    0.00    0.00    0.00    0.00   98.39
08:03:17 PM   11    0.20    0.00    0.94    7.92    0.00    0.00    0.00    0.00    0.00   90.93

08:03:17 PM  CPU    %usr   %nice    %sys %iowait    %irq   %soft  %steal  %guest  %gnice   %idle
08:03:32 PM  all    5.66    0.00    1.78    6.96    0.00    0.06    0.00    0.00    0.00   85.54
08:03:32 PM    0    0.40    0.00    0.27    2.41    0.00    0.13    0.00    0.00    0.00   96.79
08:03:32 PM    1    0.53    0.00    1.20    0.00    0.00    0.07    0.00    0.00    0.00   98.20
08:03:32 PM    2    0.20    0.00    0.13    0.00    0.00    0.00    0.00    0.00    0.00   99.67
08:03:32 PM    3    0.40    0.00    0.87    1.94    0.00    0.00    0.00    0.00    0.00   96.79
08:03:32 PM    4    0.67    0.00    0.47    0.00    0.00    0.00    0.00    0.00    0.00   98.86
08:03:32 PM    5    0.27    0.00    0.07    0.00    0.00    0.00    0.00    0.00    0.00   99.67
08:03:32 PM    6    0.13    0.00    1.20    0.00    0.00    0.00    0.00    0.00    0.00   98.66
08:03:32 PM    7    0.33    0.00    0.33    0.00    0.00    0.00    0.00    0.00    0.00   99.33
08:03:32 PM    8   63.92    0.00   12.52   21.02    0.00    0.54    0.00    0.00    0.00    2.01
08:03:32 PM    9    0.20    0.00    1.67   29.75    0.00    0.00    0.00    0.00    0.00   68.38
08:03:32 PM   10    0.27    0.00    0.20    0.13    0.00    0.00    0.00    0.00    0.00   99.40
08:03:32 PM   11    0.80    0.00    2.34   28.29    0.00    0.00    0.00    0.00    0.00   68.56

08:03:32 PM  CPU    %usr   %nice    %sys %iowait    %irq   %soft  %steal  %guest  %gnice   %idle
08:03:47 PM  all    3.34    0.00    1.10   13.09    0.00    0.04    0.00    0.00    0.00   82.43
08:03:47 PM    0    0.67    0.00    0.07    0.33    0.00    0.13    0.00    0.00    0.00   98.80
08:03:47 PM    1    1.87    0.00    0.13    1.94    0.00    0.00    0.00    0.00    0.00   96.06
08:03:47 PM    2    0.73    0.00    0.00    0.00    0.00    0.00    0.00    0.00    0.00   99.27
08:03:47 PM    3    0.27    0.00    0.33    3.54    0.00    0.00    0.00    0.00    0.00   95.86
08:03:47 PM    4    0.27    0.00    0.74    0.00    0.00    0.00    0.00    0.00    0.00   99.00
08:03:47 PM    5    0.27    0.00    0.53    0.93    0.00    0.00    0.00    0.00    0.00   98.27
08:03:47 PM    6    0.20    0.00    0.60    0.47    0.00    0.00    0.00    0.00    0.00   98.73
08:03:47 PM    7    0.33    0.00    0.27    0.00    0.00    0.00    0.00    0.00    0.00   99.40
08:03:47 PM    8   13.89    0.00    4.30   79.60    0.00    0.40    0.00    0.00    0.00    1.81
08:03:47 PM    9   20.77    0.00    5.14   52.51    0.00    0.00    0.00    0.00    0.00   21.58
08:03:47 PM   10    0.53    0.00    0.33   10.33    0.00    0.00    0.00    0.00    0.00   88.80
08:03:47 PM   11    0.20    0.00    0.60    7.76    0.00    0.00    0.00    0.00    0.00   91.43

08:03:47 PM  CPU    %usr   %nice    %sys %iowait    %irq   %soft  %steal  %guest  %gnice   %idle
08:04:02 PM  all    5.70    0.00    2.08   10.71    0.00    0.08    0.00    0.00    0.00   81.43
08:04:02 PM    0    0.33    0.00    0.93    3.99    0.00    0.40    0.00    0.00    0.00   94.34
08:04:02 PM    1    1.20    0.00    0.80    0.00    0.00    0.00    0.00    0.00    0.00   98.00
08:04:02 PM    2    0.40    0.00    0.00    0.67    0.00    0.00    0.00    0.00    0.00   98.92
08:04:02 PM    3    0.20    0.00    0.07    0.00    0.00    0.00    0.00    0.00    0.00   99.73
08:04:02 PM    4    0.40    0.00    1.00    0.00    0.00    0.00    0.00    0.00    0.00   98.60
08:04:02 PM    5   12.58    0.00    3.48    1.20    0.00    0.00    0.00    0.00    0.00   82.73
08:04:02 PM    6    0.87    0.00    0.40    1.94    0.00    0.00    0.00    0.00    0.00   96.80
08:04:02 PM    7    0.13    0.00    0.40    0.00    0.00    0.00    0.00    0.00    0.00   99.47
08:04:02 PM    8   49.06    0.00   12.13   34.58    0.00    0.54    0.00    0.00    0.00    3.69
08:04:02 PM    9    2.94    0.00    4.27   57.84    0.00    0.00    0.00    0.00    0.00   34.96
08:04:02 PM   10    0.27    0.00    0.87    0.00    0.00    0.00    0.00    0.00    0.00   98.86
08:04:02 PM   11    0.20    0.00    0.73   28.35    0.00    0.00    0.00    0.00    0.00   70.71

08:04:02 PM  CPU    %usr   %nice    %sys %iowait    %irq   %soft  %steal  %guest  %gnice   %idle
08:04:17 PM  all    4.34    0.00    1.14   15.27    0.00    0.05    0.00    0.00    0.00   79.20
08:04:17 PM    0    0.60    0.00    0.40    9.07    0.00    0.20    0.00    0.00    0.00   89.73
08:04:17 PM    1    0.60    0.00    0.74   16.31    0.00    0.00    0.00    0.00    0.00   82.35
08:04:17 PM    2    1.07    0.00    0.13    0.00    0.00    0.00    0.00    0.00    0.00   98.80
08:04:17 PM    3    0.53    0.00    0.20    7.35    0.00    0.00    0.00    0.00    0.00   91.92
08:04:17 PM    4    1.07    0.00    0.87   22.89    0.00    0.00    0.00    0.00    0.00   75.17
08:04:17 PM    5    2.75    0.00    0.20    7.44    0.00    0.00    0.00    0.00    0.00   89.61
08:04:17 PM    6    1.67    0.00    0.40    0.13    0.00    0.00    0.00    0.00    0.00   97.80
08:04:17 PM    7    0.54    0.00    0.27    0.13    0.00    0.00    0.00    0.00    0.00   99.06
08:04:17 PM    8   39.37    0.00    6.91   50.03    0.00    0.40    0.00    0.00    0.00    3.29
08:04:17 PM    9    3.21    0.00    0.80   35.70    0.00    0.00    0.00    0.00    0.00   60.29
08:04:17 PM   10    0.53    0.00    1.20   28.27    0.00    0.00    0.00    0.00    0.00   70.00
08:04:17 PM   11    0.27    0.00    1.74    5.95    0.00    0.00    0.00    0.00    0.00   92.05

08:04:17 PM  CPU    %usr   %nice    %sys %iowait    %irq   %soft  %steal  %guest  %gnice   %idle
08:04:32 PM  all    2.76    0.00    0.75   16.18    0.00    0.04    0.00    0.00    0.00   80.27
08:04:32 PM    0    0.67    0.00    0.20    0.00    0.00    0.33    0.00    0.00    0.00   98.80
08:04:32 PM    1    1.20    0.00    0.20   16.11    0.00    0.00    0.00    0.00    0.00   82.49
08:04:32 PM    2    1.14    0.00    0.13    6.36    0.00    0.00    0.00    0.00    0.00   92.37
08:04:32 PM    3    0.54    0.00    0.13    0.00    0.00    0.00    0.00    0.00    0.00   99.33
08:04:32 PM    4    1.07    0.00    0.33    0.40    0.00    0.00    0.00    0.00    0.00   98.20
08:04:32 PM    5    1.20    0.00    0.27    5.02    0.00    0.00    0.00    0.00    0.00   93.51
08:04:32 PM    6    2.47    0.00    0.27    0.00    0.00    0.00    0.00    0.00    0.00   97.26
08:04:32 PM    7    0.93    0.00    0.33    0.00    0.00    0.00    0.00    0.00    0.00   98.73
08:04:32 PM    8   20.69    0.00    4.16   74.55    0.00    0.20    0.00    0.00    0.00    0.40
08:04:32 PM    9    2.40    0.00    0.93   70.09    0.00    0.00    0.00    0.00    0.00   26.57
08:04:32 PM   10    0.54    0.00    0.67   15.79    0.00    0.00    0.00    0.00    0.00   83.01
08:04:32 PM   11    0.47    0.00    1.47    6.03    0.00    0.00    0.00    0.00    0.00   92.03

08:04:32 PM  CPU    %usr   %nice    %sys %iowait    %irq   %soft  %steal  %guest  %gnice   %idle
08:04:47 PM  all    4.50    0.00    1.37    8.96    0.00    0.12    0.00    0.00    0.00   85.06
08:04:47 PM    0    0.40    0.00    0.73    0.00    0.00    0.73    0.00    0.00    0.00   98.14
08:04:47 PM    1    0.27    0.00    1.13    2.80    0.00    0.00    0.00    0.00    0.00   95.79
08:04:47 PM    2    0.33    0.00    0.07    0.00    0.00    0.00    0.00    0.00    0.00   99.60
08:04:47 PM    3    0.87    0.00    0.40    0.00    0.00    0.00    0.00    0.00    0.00   98.73
08:04:47 PM    4    0.87    0.00    0.20    0.00    0.00    0.00    0.00    0.00    0.00   98.93
08:04:47 PM    5    0.80    0.00    0.13    0.00    0.00    0.00    0.00    0.00    0.00   99.06
08:04:47 PM    6    1.33    0.00    0.60    0.00    0.00    0.00    0.00    0.00    0.00   98.07
08:04:47 PM    7    0.87    0.00    0.40    0.00    0.00    0.00    0.00    0.00    0.00   98.73
08:04:47 PM    8   45.28    0.00    8.03   44.82    0.00    0.60    0.00    0.00    0.00    1.27
08:04:47 PM    9    1.40    0.00    0.67   25.62    0.00    0.00    0.00    0.00    0.00   72.31
08:04:47 PM   10    1.00    0.00    0.13    0.53    0.00    0.00    0.00    0.00    0.00   98.33
08:04:47 PM   11    0.47    0.00    3.88   33.89    0.00    0.00    0.00    0.00    0.00   61.76

08:04:47 PM  CPU    %usr   %nice    %sys %iowait    %irq   %soft  %steal  %guest  %gnice   %idle
08:05:02 PM  all    4.57    0.00    1.40   11.18    0.00    0.05    0.00    0.00    0.00   82.80
08:05:02 PM    0    1.13    0.00    1.34    0.40    0.00    0.00    0.00    0.00    0.00   97.13
08:05:02 PM    1    0.53    0.00    0.67    5.40    0.00    0.00    0.00    0.00    0.00   93.40
08:05:02 PM    2    0.54    0.00    0.13    0.00    0.00    0.00    0.00    0.00    0.00   99.33
08:05:02 PM    3    0.47    0.00    1.14    4.08    0.00    0.00    0.00    0.00    0.00   94.32
08:05:02 PM    4    0.40    0.00    0.07    0.00    0.00    0.00    0.00    0.00    0.00   99.53
08:05:02 PM    5    0.80    0.00    0.20    0.00    0.00    0.00    0.00    0.00    0.00   99.00
08:05:02 PM    6    0.80    0.00    0.07    0.00    0.00    0.00    0.00    0.00    0.00   99.13
08:05:02 PM    7    1.00    0.00    0.47    0.00    0.00    0.00    0.00    0.00    0.00   98.53
08:05:02 PM    8   47.32    0.00    9.38   42.76    0.00    0.54    0.00    0.00    0.00    0.00
08:05:02 PM    9    0.93    0.00    0.53   62.08    0.00    0.00    0.00    0.00    0.00   36.45
08:05:02 PM   10    0.73    0.00    0.80    2.74    0.00    0.00    0.00    0.00    0.00   95.73
08:05:02 PM   11    0.47    0.00    2.00   16.61    0.00    0.00    0.00    0.00    0.00   80.92

08:05:02 PM  CPU    %usr   %nice    %sys %iowait    %irq   %soft  %steal  %guest  %gnice   %idle
08:05:17 PM  all    5.09    0.00    1.56    8.40    0.00    0.07    0.00    0.00    0.00   84.88
08:05:17 PM    0    0.73    0.00    2.27    2.80    0.00    0.13    0.00    0.00    0.00   94.07
08:05:17 PM    1    0.33    0.00    1.00    0.87    0.00    0.27    0.00    0.00    0.00   97.54
08:05:17 PM    2    0.53    0.00    0.07    0.00    0.00    0.00    0.00    0.00    0.00   99.40
08:05:17 PM    3    0.73    0.00    1.00    4.01    0.00    0.00    0.00    0.00    0.00   94.26
08:05:17 PM    4    0.60    0.00    0.27    2.94    0.00    0.00    0.00    0.00    0.00   96.19
08:05:17 PM    5    0.47    0.00    0.27    0.00    0.00    0.00    0.00    0.00    0.00   99.26
08:05:17 PM    6    0.33    0.00    1.00    0.33    0.00    0.00    0.00    0.00    0.00   98.33
08:05:17 PM    7    0.60    0.00    0.74    0.00    0.00    0.00    0.00    0.00    0.00   98.66
08:05:17 PM    8   54.19    0.00   10.06   32.39    0.00    0.40    0.00    0.00    0.00    2.95
08:05:17 PM    9    0.67    0.00    0.40   22.73    0.00    0.00    0.00    0.00    0.00   76.20
08:05:17 PM   10    1.67    0.00    0.53   25.18    0.00    0.00    0.00    0.00    0.00   72.61
08:05:17 PM   11    0.40    0.00    1.14    9.63    0.00    0.00    0.00    0.00    0.00   88.83

08:05:17 PM  CPU    %usr   %nice    %sys %iowait    %irq   %soft  %steal  %guest  %gnice   %idle
08:05:32 PM  all    2.10    0.00    0.94    8.84    0.00    0.04    0.00    0.00    0.00   88.07
08:05:32 PM    0    1.20    0.00    1.13    0.00    0.00    0.20    0.00    0.00    0.00   97.47
08:05:32 PM    1    0.94    0.00    0.33    7.69    0.00    0.00    0.00    0.00    0.00   91.04
08:05:32 PM    2    0.94    0.00    0.13    0.00    0.00    0.00    0.00    0.00    0.00   98.92
08:05:32 PM    3    1.47    0.00    0.67    0.00    0.00    0.00    0.00    0.00    0.00   97.86
08:05:32 PM    4    0.60    0.00    0.73    0.00    0.00    0.00    0.00    0.00    0.00   98.66
08:05:32 PM    5    0.40    0.00    0.47    0.00    0.00    0.00    0.00    0.00    0.00   99.13
08:05:32 PM    6    0.60    0.00    0.27    0.00    0.00    0.00    0.00    0.00    0.00   99.13
08:05:32 PM    7    0.53    0.00    1.40    2.21    0.00    0.07    0.00    0.00    0.00   95.79
08:05:32 PM    8   14.51    0.00    4.25   50.94    0.00    0.27    0.00    0.00    0.00   30.03
08:05:32 PM    9    0.94    0.00    0.13    0.40    0.00    0.00    0.00    0.00    0.00   98.53
08:05:32 PM   10    1.07    0.00    0.80   37.34    0.00    0.00    0.00    0.00    0.00   60.79
08:05:32 PM   11    2.14    0.00    1.07    7.90    0.00    0.00    0.00    0.00    0.00   88.89

08:05:32 PM  CPU    %usr   %nice    %sys %iowait    %irq   %soft  %steal  %guest  %gnice   %idle
08:05:47 PM  all    1.44    0.00    0.42    7.78    0.00    0.01    0.00    0.00    0.00   90.36
08:05:47 PM    0    1.74    0.00    0.60    0.00    0.00    0.00    0.00    0.00    0.00   97.66
08:05:47 PM    1    2.53    0.00    0.33    0.00    0.00    0.07    0.00    0.00    0.00   97.07
08:05:47 PM    2    4.25    0.00    0.21    0.14    0.00    0.00    0.00    0.00    0.00   95.40
08:05:47 PM    3    0.54    0.00    0.20    0.00    0.00    0.00    0.00    0.00    0.00   99.26
08:05:47 PM    4    0.67    0.00    0.53    0.00    0.00    0.00    0.00    0.00    0.00   98.80
08:05:47 PM    5    0.60    0.00    0.87    0.13    0.00    0.00    0.00    0.00    0.00   98.39
08:05:47 PM    6    0.94    0.00    0.40    0.00    0.00    0.00    0.00    0.00    0.00   98.66
08:05:47 PM    7    0.54    0.00    0.40    0.00    0.00    0.00    0.00    0.00    0.00   99.06
08:05:47 PM    8    2.14    0.00    0.60   62.35    0.00    0.00    0.00    0.00    0.00   34.91
08:05:47 PM    9    0.80    0.00    0.40    5.36    0.00    0.00    0.00    0.00    0.00   93.44
08:05:47 PM   10    0.80    0.00    0.27   25.10    0.00    0.00    0.00    0.00    0.00   73.83
08:05:47 PM   11    1.74    0.00    0.27    0.00    0.00    0.00    0.00    0.00    0.00   97.99

08:05:47 PM  CPU    %usr   %nice    %sys %iowait    %irq   %soft  %steal  %guest  %gnice   %idle
08:06:02 PM  all    0.99    0.00    0.51   11.99    0.00    0.01    0.00    0.00    0.00   86.50
08:06:02 PM    0    1.81    0.00    0.34    7.59    0.00    0.00    0.00    0.00    0.00   90.26
08:06:02 PM    1    1.00    0.00    0.40    0.00    0.00    0.00    0.00    0.00    0.00   98.59
08:06:02 PM    2    0.81    0.00    0.34    0.00    0.00    0.00    0.00    0.00    0.00   98.86
08:06:02 PM    3    0.54    0.00    0.20    0.00    0.00    0.00    0.00    0.00    0.00   99.26
08:06:02 PM    4    0.33    0.00    0.40    0.00    0.00    0.00    0.00    0.00    0.00   99.26
08:06:02 PM    5    0.73    0.00    0.80    6.67    0.00    0.00    0.00    0.00    0.00   91.79
08:06:02 PM    6    0.40    0.00    0.47    0.00    0.00    0.00    0.00    0.00    0.00   99.13
08:06:02 PM    7    1.00    0.00    0.27    0.00    0.00    0.00    0.00    0.00    0.00   98.73
08:06:02 PM    8    1.01    0.00    1.75   90.84    0.00    0.07    0.00    0.00    0.00    6.33
08:06:02 PM    9    2.14    0.00    0.27   33.20    0.00    0.00    0.00    0.00    0.00   64.39
08:06:02 PM   10    1.67    0.00    0.47    6.07    0.00    0.00    0.00    0.00    0.00   91.79
08:06:02 PM   11    0.60    0.00    0.27    0.00    0.00    0.00    0.00    0.00    0.00   99.13

08:06:02 PM  CPU    %usr   %nice    %sys %iowait    %irq   %soft  %steal  %guest  %gnice   %idle
08:06:17 PM  all    1.07    0.00    0.80   10.00    0.00    0.01    0.00    0.00    0.00   88.12
08:06:17 PM    0    1.41    0.00    0.27    4.02    0.00    0.07    0.00    0.00    0.00   94.24
08:06:17 PM    1    1.68    0.00    0.34    4.22    0.00    0.00    0.00    0.00    0.00   93.77
08:06:17 PM    2    0.60    0.00    0.07    5.10    0.00    0.00    0.00    0.00    0.00   94.23
08:06:17 PM    3    0.67    0.00    0.33    0.27    0.00    0.00    0.00    0.00    0.00   98.73
08:06:17 PM    4    0.87    0.00    0.20    0.00    0.00    0.00    0.00    0.00    0.00   98.93
08:06:17 PM    5    0.74    0.00    0.67    7.36    0.00    0.00    0.00    0.00    0.00   91.24
08:06:17 PM    6    1.07    0.00    0.67   11.00    0.00    0.00    0.00    0.00    0.00   87.27
08:06:17 PM    7    0.53    0.00    0.53    0.00    0.00    0.00    0.00    0.00    0.00   98.93
08:06:17 PM    8    3.09    0.00    5.91   49.60    0.00    0.07    0.00    0.00    0.00   41.34
08:06:17 PM    9    0.94    0.00    0.20   22.53    0.00    0.00    0.00    0.00    0.00   76.34
08:06:17 PM   10    0.47    0.00    0.33    6.82    0.00    0.00    0.00    0.00    0.00   92.38
08:06:17 PM   11    0.67    0.00    0.13    9.26    0.00    0.00    0.00    0.00    0.00   89.93

08:06:17 PM  CPU    %usr   %nice    %sys %iowait    %irq   %soft  %steal  %guest  %gnice   %idle
08:06:32 PM  all    1.04    0.00    0.40    6.44    0.00    0.01    0.00    0.00    0.00   92.12
08:06:32 PM    0    0.60    0.00    0.13    6.50    0.00    0.07    0.00    0.00    0.00   92.70
08:06:32 PM    1    0.87    0.00    0.33    0.00    0.00    0.00    0.00    0.00    0.00   98.80
08:06:32 PM    2    0.47    0.00    0.07    0.00    0.00    0.00    0.00    0.00    0.00   99.47
08:06:32 PM    3    3.07    0.00    0.27    0.00    0.00    0.00    0.00    0.00    0.00   96.66
08:06:32 PM    4    0.67    0.00    0.27    2.35    0.00    0.00    0.00    0.00    0.00   96.72
08:06:32 PM    5    0.60    0.00    0.33    0.00    0.00    0.00    0.00    0.00    0.00   99.06
08:06:32 PM    6    0.53    0.00    0.27    0.00    0.00    0.00    0.00    0.00    0.00   99.20
08:06:32 PM    7    1.34    0.00    0.60    6.55    0.00    0.00    0.00    0.00    0.00   91.51
08:06:32 PM    8    1.94    0.00    1.20   35.80    0.00    0.00    0.00    0.00    0.00   61.06
08:06:32 PM    9    0.74    0.00    0.47   16.00    0.00    0.00    0.00    0.00    0.00   82.80
08:06:32 PM   10    0.87    0.00    0.40    9.90    0.00    0.00    0.00    0.00    0.00   88.83
08:06:32 PM   11    0.74    0.00    0.40    0.27    0.00    0.00    0.00    0.00    0.00   98.60

08:06:32 PM  CPU    %usr   %nice    %sys %iowait    %irq   %soft  %steal  %guest  %gnice   %idle
08:06:47 PM  all    0.81    0.00    0.28    2.08    0.00    0.01    0.00    0.00    0.00   96.81
08:06:47 PM    0    0.60    0.00    0.07    0.00    0.00    0.00    0.00    0.00    0.00   99.33
08:06:47 PM    1    0.40    0.00    0.20    0.00    0.00    0.00    0.00    0.00    0.00   99.40
08:06:47 PM    2    0.67    0.00    0.13    0.00    0.00    0.00    0.00    0.00    0.00   99.20
08:06:47 PM    3    1.27    0.00    0.13    0.00    0.00    0.00    0.00    0.00    0.00   98.59
08:06:47 PM    4    0.20    0.00    0.00    0.00    0.00    0.00    0.00    0.00    0.00   99.80
08:06:47 PM    5    0.54    0.00    0.20    0.00    0.00    0.00    0.00    0.00    0.00   99.26
08:06:47 PM    6    2.20    0.00    0.40    0.00    0.00    0.00    0.00    0.00    0.00   97.40
08:06:47 PM    7    1.34    0.00    0.33    0.00    0.00    0.00    0.00    0.00    0.00   98.33
08:06:47 PM    8    0.60    0.00    0.20   19.41    0.00    0.00    0.00    0.00    0.00   79.79
08:06:47 PM    9    0.94    0.00    0.27    5.34    0.00    0.00    0.00    0.00    0.00   93.45
08:06:47 PM   10    0.60    0.00    0.53    0.13    0.00    0.00    0.00    0.00    0.00   98.73
08:06:47 PM   11    0.40    0.00    0.94    0.00    0.00    0.00    0.00    0.00    0.00   98.66

08:06:47 PM  CPU    %usr   %nice    %sys %iowait    %irq   %soft  %steal  %guest  %gnice   %idle
08:07:02 PM  all    0.87    0.00    0.31    2.11    0.00    0.00    0.00    0.00    0.00   96.71
08:07:02 PM    0    1.07    0.00    0.74    0.40    0.00    0.00    0.00    0.00    0.00   97.79
08:07:02 PM    1    0.47    0.00    0.27    0.00    0.00    0.00    0.00    0.00    0.00   99.27
08:07:02 PM    2    0.27    0.00    0.13    0.00    0.00    0.00    0.00    0.00    0.00   99.60
08:07:02 PM    3    0.67    0.00    0.07    0.13    0.00    0.00    0.00    0.00    0.00   99.13
08:07:02 PM    4    0.40    0.00    0.07    0.00    0.00    0.00    0.00    0.00    0.00   99.53
08:07:02 PM    5    1.87    0.00    0.20    0.00    0.00    0.00    0.00    0.00    0.00   97.93
08:07:02 PM    6    2.94    0.00    0.20    0.00    0.00    0.00    0.00    0.00    0.00   96.86
08:07:02 PM    7    0.27    0.00    0.27    0.00    0.00    0.00    0.00    0.00    0.00   99.46
08:07:02 PM    8    0.20    0.00    0.13   19.91    0.00    0.00    0.00    0.00    0.00   79.76
08:07:02 PM    9    0.60    0.00    0.27    4.95    0.00    0.00    0.00    0.00    0.00   94.18
08:07:02 PM   10    1.13    0.00    0.53    0.00    0.00    0.00    0.00    0.00    0.00   98.33
08:07:02 PM   11    0.67    0.00    0.94    0.00    0.00    0.00    0.00    0.00    0.00   98.39

08:07:02 PM  CPU    %usr   %nice    %sys %iowait    %irq   %soft  %steal  %guest  %gnice   %idle
08:07:17 PM  all    1.78    0.00    0.92    8.29    0.00    0.01    0.00    0.00    0.00   89.01
08:07:17 PM    0    0.94    0.00    1.14    0.27    0.00    0.07    0.00    0.00    0.00   97.59
08:07:17 PM    1    1.87    0.00    0.33    0.60    0.00    0.00    0.00    0.00    0.00   97.19
08:07:17 PM    2    2.07    0.00    0.69    0.35    0.00    0.00    0.00    0.00    0.00   96.89
08:07:17 PM    3    0.80    0.00    0.80    0.00    0.00    0.00    0.00    0.00    0.00   98.39
08:07:17 PM    4    3.40    0.00    0.67    0.00    0.00    0.00    0.00    0.00    0.00   95.93
08:07:17 PM    5    3.07    0.00    0.67    0.00    0.00    0.00    0.00    0.00    0.00   96.26
08:07:17 PM    6    2.66    0.00    0.47    0.67    0.00    0.00    0.00    0.00    0.00   96.21
08:07:17 PM    7    1.87    0.00    0.87    0.00    0.00    0.00    0.00    0.00    0.00   97.26
08:07:17 PM    8    1.42    0.00    4.53   92.56    0.00    0.00    0.00    0.00    0.00    1.49
08:07:17 PM    9    1.14    0.00    0.27    0.94    0.00    0.00    0.00    0.00    0.00   97.66
08:07:17 PM   10    0.94    0.00    0.27    0.13    0.00    0.00    0.00    0.00    0.00   98.66
08:07:17 PM   11    1.07    0.00    0.20    4.69    0.00    0.07    0.00    0.00    0.00   93.96


Average:     CPU    %usr   %nice    %sys %iowait    %irq   %soft  %steal  %guest  %gnice   %idle
Average:     all    3.70    0.00    1.17    8.11    0.00    0.05    0.00    0.00    0.00   86.96
Average:       0    0.99    0.00    0.67    1.92    0.00    0.23    0.00    0.00    0.00   96.19
Average:       1    1.18    0.00    0.59    2.62    0.00    0.08    0.00    0.00    0.00   95.52
Average:       2    1.23    0.00    0.31    0.75    0.00    0.00    0.00    0.00    0.00   97.72
Average:       3    0.84    0.00    0.46    1.28    0.00    0.00    0.00    0.00    0.00   97.42
Average:       4    1.51    0.00    0.55    1.46    0.00    0.00    0.00    0.00    0.00   96.48
Average:       5    1.65    0.00    0.54    1.56    0.00    0.00    0.00    0.00    0.00   96.26
Average:       6    1.02    0.00    0.48    0.82    0.00    0.00    0.00    0.00    0.00   97.69
Average:       7    0.67    0.00    0.51    0.58    0.00    0.00    0.00    0.00    0.00   98.25
Average:       8   30.88    0.00    6.87   40.29    0.00    0.33    0.00    0.00    0.00   21.64
Average:       9    2.22    0.00    0.96   23.29    0.00    0.00    0.00    0.00    0.00   73.52
Average:      10    0.82    0.00    0.56   12.78    0.00    0.00    0.00    0.00    0.00   85.83
Average:      11    1.45    0.00    1.59   10.06    0.00    0.01    0.00    0.00    0.00   86.88
